4
2 3
1 1 1
1 0 1
4 2
0 1
0 1
1 1
0 1
2 1
1
1
3 2
1 0
1 0
1 1



################################################오전 3:50 2018-03-29############




2
2 1
1
1
2 1
1
1

##################################################################################

4
2 1
1
1
4 2
0 1
0 1
1 1
0 1
2 3
1 1 1
1 0 1
3 2
1 0
1 0
1 1
오후 3:11 2018-03-31

#################################################################################
4
4 4
1 1 1 1
1 1 1 1
1 1 1 1
1 1 1 1
4 4
1 1 1 1
1 1 1 1
1 1 1 1
1 1 1 1
4 4
1 1 1 1
1 1 1 1
1 1 1 1
1 1 1 1
4 4
1 1 1 1
1 1 1 1
1 1 1 1
1 1 1 1

###########################################################안되는거


4
2 3
1 1 1
1 0 1
4 2
0 1
0 1
1 1
0 1
2 1
1
1
2 1
1
1
오전 4:03 2018-03-29
###############################################안되는거!!
1
2 1
1
1

#################################################
2
2 3
1 1 1
1 0 1
2 3
1 1 1
1 0 1

########################################
5
